(kicad_pcb (version 20171130) (host pcbnew "(5.1.7)-1")

  (general
    (thickness 1.6)
    (drawings 2)
    (tracks 196)
    (zones 0)
    (modules 21)
    (nets 20)
  )

  (page A4)
  (layers
    (0 F.Cu signal)
    (31 B.Cu signal)
    (32 B.Adhes user)
    (33 F.Adhes user)
    (34 B.Paste user)
    (35 F.Paste user)
    (36 B.SilkS user)
    (37 F.SilkS user)
    (38 B.Mask user)
    (39 F.Mask user)
    (40 Dwgs.User user)
    (41 Cmts.User user)
    (42 Eco1.User user)
    (43 Eco2.User user)
    (44 Edge.Cuts user)
    (45 Margin user)
    (46 B.CrtYd user)
    (47 F.CrtYd user)
    (48 B.Fab user)
    (49 F.Fab user)
  )

  (setup
    (last_trace_width 0.25)
    (trace_clearance 0.2)
    (zone_clearance 0.508)
    (zone_45_only no)
    (trace_min 0.2)
    (via_size 1.6)
    (via_drill 0.8)
    (via_min_size 0.4)
    (via_min_drill 0.3)
    (uvia_size 0.3)
    (uvia_drill 0.1)
    (uvias_allowed no)
    (uvia_min_size 0.2)
    (uvia_min_drill 0.1)
    (edge_width 0.05)
    (segment_width 0.2)
    (pcb_text_width 0.3)
    (pcb_text_size 1.5 1.5)
    (mod_edge_width 0.12)
    (mod_text_size 1 1)
    (mod_text_width 0.15)
    (pad_size 1.524 1.524)
    (pad_drill 0.762)
    (pad_to_mask_clearance 0)
    (aux_axis_origin 0 0)
    (visible_elements FFFFFF7F)
    (pcbplotparams
      (layerselection 0x010fc_ffffffff)
      (usegerberextensions false)
      (usegerberattributes true)
      (usegerberadvancedattributes true)
      (creategerberjobfile true)
      (excludeedgelayer true)
      (linewidth 0.100000)
      (plotframeref false)
      (viasonmask false)
      (mode 1)
      (useauxorigin false)
      (hpglpennumber 1)
      (hpglpenspeed 20)
      (hpglpendiameter 15.000000)
      (psnegative false)
      (psa4output false)
      (plotreference true)
      (plotvalue true)
      (plotinvisibletext false)
      (padsonsilk false)
      (subtractmaskfromsilk false)
      (outputformat 1)
      (mirror false)
      (drillshape 1)
      (scaleselection 1)
      (outputdirectory ""))
  )

  (net 0 "")
  (net 1 GND)
  (net 2 "Net-(C1-Pad1)")
  (net 3 "Net-(C2-Pad1)")
  (net 4 +5V)
  (net 5 "Net-(C4-Pad1)")
  (net 6 "Net-(D2-Pad2)")
  (net 7 "Net-(D2-Pad1)")
  (net 8 "Net-(D3-Pad1)")
  (net 9 "Net-(D3-Pad2)")
  (net 10 /CLK)
  (net 11 /CLK2)
  (net 12 /~INT)
  (net 13 /~RESET)
  (net 14 "Net-(R1-Pad1)")
  (net 15 "Net-(U3-Pad2)")
  (net 16 "Net-(U3-Pad11)")
  (net 17 "Net-(U4-Pad14)")
  (net 18 "Net-(U1-Pad2)")
  (net 19 "Net-(U1-Pad1)")

  (net_class Default "This is the default net class."
    (clearance 0.2)
    (trace_width 0.25)
    (via_dia 1.6)
    (via_drill 0.8)
    (uvia_dia 0.3)
    (uvia_drill 0.1)
    (add_net +5V)
    (add_net /CLK)
    (add_net /CLK2)
    (add_net /~INT)
    (add_net /~RESET)
    (add_net GND)
    (add_net "Net-(C1-Pad1)")
    (add_net "Net-(C2-Pad1)")
    (add_net "Net-(C4-Pad1)")
    (add_net "Net-(D2-Pad1)")
    (add_net "Net-(D2-Pad2)")
    (add_net "Net-(D3-Pad1)")
    (add_net "Net-(D3-Pad2)")
    (add_net "Net-(R1-Pad1)")
    (add_net "Net-(U1-Pad1)")
    (add_net "Net-(U1-Pad2)")
    (add_net "Net-(U3-Pad11)")
    (add_net "Net-(U3-Pad2)")
    (add_net "Net-(U4-Pad14)")
  )

  (module Capacitor_SMD:C_0603_1608Metric (layer B.Cu) (tedit 5F68FEEE) (tstamp 603DB776)
    (at 170.434 118.351 270)
    (descr "Capacitor SMD 0603 (1608 Metric), square (rectangular) end terminal, IPC_7351 nominal, (Body size source: IPC-SM-782 page 76, https://www.pcb-3d.com/wordpress/wp-content/uploads/ipc-sm-782a_amendment_1_and_2.pdf), generated with kicad-footprint-generator")
    (tags capacitor)
    (path /603DA945)
    (attr smd)
    (fp_text reference C1 (at 0 1.43 90) (layer B.SilkS)
      (effects (font (size 1 1) (thickness 0.15)) (justify mirror))
    )
    (fp_text value 22p (at 0 -1.43 90) (layer B.Fab)
      (effects (font (size 1 1) (thickness 0.15)) (justify mirror))
    )
    (fp_text user %R (at 0 0 90) (layer B.Fab)
      (effects (font (size 0.4 0.4) (thickness 0.06)) (justify mirror))
    )
    (fp_line (start -0.8 -0.4) (end -0.8 0.4) (layer B.Fab) (width 0.1))
    (fp_line (start -0.8 0.4) (end 0.8 0.4) (layer B.Fab) (width 0.1))
    (fp_line (start 0.8 0.4) (end 0.8 -0.4) (layer B.Fab) (width 0.1))
    (fp_line (start 0.8 -0.4) (end -0.8 -0.4) (layer B.Fab) (width 0.1))
    (fp_line (start -0.14058 0.51) (end 0.14058 0.51) (layer B.SilkS) (width 0.12))
    (fp_line (start -0.14058 -0.51) (end 0.14058 -0.51) (layer B.SilkS) (width 0.12))
    (fp_line (start -1.48 -0.73) (end -1.48 0.73) (layer B.CrtYd) (width 0.05))
    (fp_line (start -1.48 0.73) (end 1.48 0.73) (layer B.CrtYd) (width 0.05))
    (fp_line (start 1.48 0.73) (end 1.48 -0.73) (layer B.CrtYd) (width 0.05))
    (fp_line (start 1.48 -0.73) (end -1.48 -0.73) (layer B.CrtYd) (width 0.05))
    (pad 2 smd roundrect (at 0.775 0 270) (size 0.9 0.95) (layers B.Cu B.Paste B.Mask) (roundrect_rratio 0.25)
      (net 1 GND))
    (pad 1 smd roundrect (at -0.775 0 270) (size 0.9 0.95) (layers B.Cu B.Paste B.Mask) (roundrect_rratio 0.25)
      (net 2 "Net-(C1-Pad1)"))
    (model ${KISYS3DMOD}/Capacitor_SMD.3dshapes/C_0603_1608Metric.wrl
      (at (xyz 0 0 0))
      (scale (xyz 1 1 1))
      (rotate (xyz 0 0 0))
    )
  )

  (module Capacitor_SMD:C_0603_1608Metric (layer B.Cu) (tedit 5F68FEEE) (tstamp 603DB716)
    (at 177.038 118.351 270)
    (descr "Capacitor SMD 0603 (1608 Metric), square (rectangular) end terminal, IPC_7351 nominal, (Body size source: IPC-SM-782 page 76, https://www.pcb-3d.com/wordpress/wp-content/uploads/ipc-sm-782a_amendment_1_and_2.pdf), generated with kicad-footprint-generator")
    (tags capacitor)
    (path /603DADDA)
    (attr smd)
    (fp_text reference C2 (at 0 1.43 90) (layer B.SilkS)
      (effects (font (size 1 1) (thickness 0.15)) (justify mirror))
    )
    (fp_text value 22p (at 0 -1.43 90) (layer B.Fab)
      (effects (font (size 1 1) (thickness 0.15)) (justify mirror))
    )
    (fp_line (start 1.48 -0.73) (end -1.48 -0.73) (layer B.CrtYd) (width 0.05))
    (fp_line (start 1.48 0.73) (end 1.48 -0.73) (layer B.CrtYd) (width 0.05))
    (fp_line (start -1.48 0.73) (end 1.48 0.73) (layer B.CrtYd) (width 0.05))
    (fp_line (start -1.48 -0.73) (end -1.48 0.73) (layer B.CrtYd) (width 0.05))
    (fp_line (start -0.14058 -0.51) (end 0.14058 -0.51) (layer B.SilkS) (width 0.12))
    (fp_line (start -0.14058 0.51) (end 0.14058 0.51) (layer B.SilkS) (width 0.12))
    (fp_line (start 0.8 -0.4) (end -0.8 -0.4) (layer B.Fab) (width 0.1))
    (fp_line (start 0.8 0.4) (end 0.8 -0.4) (layer B.Fab) (width 0.1))
    (fp_line (start -0.8 0.4) (end 0.8 0.4) (layer B.Fab) (width 0.1))
    (fp_line (start -0.8 -0.4) (end -0.8 0.4) (layer B.Fab) (width 0.1))
    (fp_text user %R (at 0 0 90) (layer B.Fab)
      (effects (font (size 0.4 0.4) (thickness 0.06)) (justify mirror))
    )
    (pad 1 smd roundrect (at -0.775 0 270) (size 0.9 0.95) (layers B.Cu B.Paste B.Mask) (roundrect_rratio 0.25)
      (net 3 "Net-(C2-Pad1)"))
    (pad 2 smd roundrect (at 0.775 0 270) (size 0.9 0.95) (layers B.Cu B.Paste B.Mask) (roundrect_rratio 0.25)
      (net 1 GND))
    (model ${KISYS3DMOD}/Capacitor_SMD.3dshapes/C_0603_1608Metric.wrl
      (at (xyz 0 0 0))
      (scale (xyz 1 1 1))
      (rotate (xyz 0 0 0))
    )
  )

  (module Capacitor_SMD:C_1210_3225Metric (layer B.Cu) (tedit 5F68FEEE) (tstamp 603DD80E)
    (at 163.527 133.35 180)
    (descr "Capacitor SMD 1210 (3225 Metric), square (rectangular) end terminal, IPC_7351 nominal, (Body size source: IPC-SM-782 page 76, https://www.pcb-3d.com/wordpress/wp-content/uploads/ipc-sm-782a_amendment_1_and_2.pdf), generated with kicad-footprint-generator")
    (tags capacitor)
    (path /603DB261)
    (attr smd)
    (fp_text reference C3 (at 0 2.3) (layer B.SilkS)
      (effects (font (size 1 1) (thickness 0.15)) (justify mirror))
    )
    (fp_text value CP (at 0 -2.3) (layer B.Fab)
      (effects (font (size 1 1) (thickness 0.15)) (justify mirror))
    )
    (fp_line (start 2.3 -1.6) (end -2.3 -1.6) (layer B.CrtYd) (width 0.05))
    (fp_line (start 2.3 1.6) (end 2.3 -1.6) (layer B.CrtYd) (width 0.05))
    (fp_line (start -2.3 1.6) (end 2.3 1.6) (layer B.CrtYd) (width 0.05))
    (fp_line (start -2.3 -1.6) (end -2.3 1.6) (layer B.CrtYd) (width 0.05))
    (fp_line (start -0.711252 -1.36) (end 0.711252 -1.36) (layer B.SilkS) (width 0.12))
    (fp_line (start -0.711252 1.36) (end 0.711252 1.36) (layer B.SilkS) (width 0.12))
    (fp_line (start 1.6 -1.25) (end -1.6 -1.25) (layer B.Fab) (width 0.1))
    (fp_line (start 1.6 1.25) (end 1.6 -1.25) (layer B.Fab) (width 0.1))
    (fp_line (start -1.6 1.25) (end 1.6 1.25) (layer B.Fab) (width 0.1))
    (fp_line (start -1.6 -1.25) (end -1.6 1.25) (layer B.Fab) (width 0.1))
    (fp_text user %R (at 0 0) (layer B.Fab)
      (effects (font (size 0.8 0.8) (thickness 0.12)) (justify mirror))
    )
    (pad 1 smd roundrect (at -1.475 0 180) (size 1.15 2.7) (layers B.Cu B.Paste B.Mask) (roundrect_rratio 0.217391)
      (net 4 +5V))
    (pad 2 smd roundrect (at 1.475 0 180) (size 1.15 2.7) (layers B.Cu B.Paste B.Mask) (roundrect_rratio 0.217391)
      (net 1 GND))
    (model ${KISYS3DMOD}/Capacitor_SMD.3dshapes/C_1210_3225Metric.wrl
      (at (xyz 0 0 0))
      (scale (xyz 1 1 1))
      (rotate (xyz 0 0 0))
    )
  )

  (module Capacitor_SMD:CP_Elec_5x3 (layer B.Cu) (tedit 5BCA39CF) (tstamp 603DD249)
    (at 167.218 79.67 90)
    (descr "SMD capacitor, aluminum electrolytic, Nichicon, 5.0x3.0mm")
    (tags "capacitor electrolytic")
    (path /603E4792)
    (attr smd)
    (fp_text reference C4 (at 0 3.7 90) (layer B.SilkS)
      (effects (font (size 1 1) (thickness 0.15)) (justify mirror))
    )
    (fp_text value 50u (at 0 -3.7 90) (layer B.Fab)
      (effects (font (size 1 1) (thickness 0.15)) (justify mirror))
    )
    (fp_line (start -3.95 -1.05) (end -2.9 -1.05) (layer B.CrtYd) (width 0.05))
    (fp_line (start -3.95 1.05) (end -3.95 -1.05) (layer B.CrtYd) (width 0.05))
    (fp_line (start -2.9 1.05) (end -3.95 1.05) (layer B.CrtYd) (width 0.05))
    (fp_line (start -2.9 -1.05) (end -2.9 -1.75) (layer B.CrtYd) (width 0.05))
    (fp_line (start -2.9 1.75) (end -2.9 1.05) (layer B.CrtYd) (width 0.05))
    (fp_line (start -2.9 1.75) (end -1.75 2.9) (layer B.CrtYd) (width 0.05))
    (fp_line (start -2.9 -1.75) (end -1.75 -2.9) (layer B.CrtYd) (width 0.05))
    (fp_line (start -1.75 2.9) (end 2.9 2.9) (layer B.CrtYd) (width 0.05))
    (fp_line (start -1.75 -2.9) (end 2.9 -2.9) (layer B.CrtYd) (width 0.05))
    (fp_line (start 2.9 -1.05) (end 2.9 -2.9) (layer B.CrtYd) (width 0.05))
    (fp_line (start 3.95 -1.05) (end 2.9 -1.05) (layer B.CrtYd) (width 0.05))
    (fp_line (start 3.95 1.05) (end 3.95 -1.05) (layer B.CrtYd) (width 0.05))
    (fp_line (start 2.9 1.05) (end 3.95 1.05) (layer B.CrtYd) (width 0.05))
    (fp_line (start 2.9 2.9) (end 2.9 1.05) (layer B.CrtYd) (width 0.05))
    (fp_line (start -3.3125 1.9975) (end -3.3125 1.3725) (layer B.SilkS) (width 0.12))
    (fp_line (start -3.625 1.685) (end -3 1.685) (layer B.SilkS) (width 0.12))
    (fp_line (start -2.76 -1.695563) (end -1.695563 -2.76) (layer B.SilkS) (width 0.12))
    (fp_line (start -2.76 1.695563) (end -1.695563 2.76) (layer B.SilkS) (width 0.12))
    (fp_line (start -2.76 1.695563) (end -2.76 1.06) (layer B.SilkS) (width 0.12))
    (fp_line (start -2.76 -1.695563) (end -2.76 -1.06) (layer B.SilkS) (width 0.12))
    (fp_line (start -1.695563 -2.76) (end 2.76 -2.76) (layer B.SilkS) (width 0.12))
    (fp_line (start -1.695563 2.76) (end 2.76 2.76) (layer B.SilkS) (width 0.12))
    (fp_line (start 2.76 2.76) (end 2.76 1.06) (layer B.SilkS) (width 0.12))
    (fp_line (start 2.76 -2.76) (end 2.76 -1.06) (layer B.SilkS) (width 0.12))
    (fp_line (start -1.783956 1.45) (end -1.783956 0.95) (layer B.Fab) (width 0.1))
    (fp_line (start -2.033956 1.2) (end -1.533956 1.2) (layer B.Fab) (width 0.1))
    (fp_line (start -2.65 -1.65) (end -1.65 -2.65) (layer B.Fab) (width 0.1))
    (fp_line (start -2.65 1.65) (end -1.65 2.65) (layer B.Fab) (width 0.1))
    (fp_line (start -2.65 1.65) (end -2.65 -1.65) (layer B.Fab) (width 0.1))
    (fp_line (start -1.65 -2.65) (end 2.65 -2.65) (layer B.Fab) (width 0.1))
    (fp_line (start -1.65 2.65) (end 2.65 2.65) (layer B.Fab) (width 0.1))
    (fp_line (start 2.65 2.65) (end 2.65 -2.65) (layer B.Fab) (width 0.1))
    (fp_circle (center 0 0) (end 2.5 0) (layer B.Fab) (width 0.1))
    (fp_text user %R (at 0 0 90) (layer B.Fab)
      (effects (font (size 1 1) (thickness 0.15)) (justify mirror))
    )
    (pad 1 smd roundrect (at -2.2 0 90) (size 3 1.6) (layers B.Cu B.Paste B.Mask) (roundrect_rratio 0.15625)
      (net 5 "Net-(C4-Pad1)"))
    (pad 2 smd roundrect (at 2.2 0 90) (size 3 1.6) (layers B.Cu B.Paste B.Mask) (roundrect_rratio 0.15625)
      (net 1 GND))
    (model ${KISYS3DMOD}/Capacitor_SMD.3dshapes/CP_Elec_5x3.wrl
      (at (xyz 0 0 0))
      (scale (xyz 1 1 1))
      (rotate (xyz 0 0 0))
    )
  )

  (module Capacitor_SMD:C_0805_2012Metric (layer B.Cu) (tedit 5F68FEEE) (tstamp 603DD0FA)
    (at 157.988 79.182 270)
    (descr "Capacitor SMD 0805 (2012 Metric), square (rectangular) end terminal, IPC_7351 nominal, (Body size source: IPC-SM-782 page 76, https://www.pcb-3d.com/wordpress/wp-content/uploads/ipc-sm-782a_amendment_1_and_2.pdf, https://docs.google.com/spreadsheets/d/1BsfQQcO9C6DZCsRaXUlFlo91Tg2WpOkGARC1WS5S8t0/edit?usp=sharing), generated with kicad-footprint-generator")
    (tags capacitor)
    (path /603E7D17)
    (attr smd)
    (fp_text reference D1 (at 0 1.68 90) (layer B.SilkS)
      (effects (font (size 1 1) (thickness 0.15)) (justify mirror))
    )
    (fp_text value D (at 0 -1.68 90) (layer B.Fab)
      (effects (font (size 1 1) (thickness 0.15)) (justify mirror))
    )
    (fp_line (start 1.7 -0.98) (end -1.7 -0.98) (layer B.CrtYd) (width 0.05))
    (fp_line (start 1.7 0.98) (end 1.7 -0.98) (layer B.CrtYd) (width 0.05))
    (fp_line (start -1.7 0.98) (end 1.7 0.98) (layer B.CrtYd) (width 0.05))
    (fp_line (start -1.7 -0.98) (end -1.7 0.98) (layer B.CrtYd) (width 0.05))
    (fp_line (start -0.261252 -0.735) (end 0.261252 -0.735) (layer B.SilkS) (width 0.12))
    (fp_line (start -0.261252 0.735) (end 0.261252 0.735) (layer B.SilkS) (width 0.12))
    (fp_line (start 1 -0.625) (end -1 -0.625) (layer B.Fab) (width 0.1))
    (fp_line (start 1 0.625) (end 1 -0.625) (layer B.Fab) (width 0.1))
    (fp_line (start -1 0.625) (end 1 0.625) (layer B.Fab) (width 0.1))
    (fp_line (start -1 -0.625) (end -1 0.625) (layer B.Fab) (width 0.1))
    (fp_text user %R (at 0 0 90) (layer B.Fab)
      (effects (font (size 0.5 0.5) (thickness 0.08)) (justify mirror))
    )
    (pad 1 smd roundrect (at -0.95 0 270) (size 1 1.45) (layers B.Cu B.Paste B.Mask) (roundrect_rratio 0.25)
      (net 4 +5V))
    (pad 2 smd roundrect (at 0.95 0 270) (size 1 1.45) (layers B.Cu B.Paste B.Mask) (roundrect_rratio 0.25)
      (net 5 "Net-(C4-Pad1)"))
    (model ${KISYS3DMOD}/Capacitor_SMD.3dshapes/C_0805_2012Metric.wrl
      (at (xyz 0 0 0))
      (scale (xyz 1 1 1))
      (rotate (xyz 0 0 0))
    )
  )

  (module Capacitor_SMD:C_0805_2012Metric (layer B.Cu) (tedit 5F68FEEE) (tstamp 603DC633)
    (at 134.046 65.278)
    (descr "Capacitor SMD 0805 (2012 Metric), square (rectangular) end terminal, IPC_7351 nominal, (Body size source: IPC-SM-782 page 76, https://www.pcb-3d.com/wordpress/wp-content/uploads/ipc-sm-782a_amendment_1_and_2.pdf, https://docs.google.com/spreadsheets/d/1BsfQQcO9C6DZCsRaXUlFlo91Tg2WpOkGARC1WS5S8t0/edit?usp=sharing), generated with kicad-footprint-generator")
    (tags capacitor)
    (path /603E8CF2)
    (attr smd)
    (fp_text reference D2 (at 0 1.68) (layer B.SilkS)
      (effects (font (size 1 1) (thickness 0.15)) (justify mirror))
    )
    (fp_text value LED (at 0 -1.68) (layer B.Fab)
      (effects (font (size 1 1) (thickness 0.15)) (justify mirror))
    )
    (fp_text user %R (at 0 0) (layer B.Fab)
      (effects (font (size 0.5 0.5) (thickness 0.08)) (justify mirror))
    )
    (fp_line (start -1 -0.625) (end -1 0.625) (layer B.Fab) (width 0.1))
    (fp_line (start -1 0.625) (end 1 0.625) (layer B.Fab) (width 0.1))
    (fp_line (start 1 0.625) (end 1 -0.625) (layer B.Fab) (width 0.1))
    (fp_line (start 1 -0.625) (end -1 -0.625) (layer B.Fab) (width 0.1))
    (fp_line (start -0.261252 0.735) (end 0.261252 0.735) (layer B.SilkS) (width 0.12))
    (fp_line (start -0.261252 -0.735) (end 0.261252 -0.735) (layer B.SilkS) (width 0.12))
    (fp_line (start -1.7 -0.98) (end -1.7 0.98) (layer B.CrtYd) (width 0.05))
    (fp_line (start -1.7 0.98) (end 1.7 0.98) (layer B.CrtYd) (width 0.05))
    (fp_line (start 1.7 0.98) (end 1.7 -0.98) (layer B.CrtYd) (width 0.05))
    (fp_line (start 1.7 -0.98) (end -1.7 -0.98) (layer B.CrtYd) (width 0.05))
    (pad 2 smd roundrect (at 0.95 0) (size 1 1.45) (layers B.Cu B.Paste B.Mask) (roundrect_rratio 0.25)
      (net 6 "Net-(D2-Pad2)"))
    (pad 1 smd roundrect (at -0.95 0) (size 1 1.45) (layers B.Cu B.Paste B.Mask) (roundrect_rratio 0.25)
      (net 7 "Net-(D2-Pad1)"))
    (model ${KISYS3DMOD}/Capacitor_SMD.3dshapes/C_0805_2012Metric.wrl
      (at (xyz 0 0 0))
      (scale (xyz 1 1 1))
      (rotate (xyz 0 0 0))
    )
  )

  (module Capacitor_SMD:C_0805_2012Metric (layer B.Cu) (tedit 5F68FEEE) (tstamp 603DC6B5)
    (at 146.624 105.664)
    (descr "Capacitor SMD 0805 (2012 Metric), square (rectangular) end terminal, IPC_7351 nominal, (Body size source: IPC-SM-782 page 76, https://www.pcb-3d.com/wordpress/wp-content/uploads/ipc-sm-782a_amendment_1_and_2.pdf, https://docs.google.com/spreadsheets/d/1BsfQQcO9C6DZCsRaXUlFlo91Tg2WpOkGARC1WS5S8t0/edit?usp=sharing), generated with kicad-footprint-generator")
    (tags capacitor)
    (path /60491547)
    (attr smd)
    (fp_text reference D3 (at 0 1.68) (layer B.SilkS)
      (effects (font (size 1 1) (thickness 0.15)) (justify mirror))
    )
    (fp_text value LED (at 0 -1.68) (layer B.Fab)
      (effects (font (size 1 1) (thickness 0.15)) (justify mirror))
    )
    (fp_line (start 1.7 -0.98) (end -1.7 -0.98) (layer B.CrtYd) (width 0.05))
    (fp_line (start 1.7 0.98) (end 1.7 -0.98) (layer B.CrtYd) (width 0.05))
    (fp_line (start -1.7 0.98) (end 1.7 0.98) (layer B.CrtYd) (width 0.05))
    (fp_line (start -1.7 -0.98) (end -1.7 0.98) (layer B.CrtYd) (width 0.05))
    (fp_line (start -0.261252 -0.735) (end 0.261252 -0.735) (layer B.SilkS) (width 0.12))
    (fp_line (start -0.261252 0.735) (end 0.261252 0.735) (layer B.SilkS) (width 0.12))
    (fp_line (start 1 -0.625) (end -1 -0.625) (layer B.Fab) (width 0.1))
    (fp_line (start 1 0.625) (end 1 -0.625) (layer B.Fab) (width 0.1))
    (fp_line (start -1 0.625) (end 1 0.625) (layer B.Fab) (width 0.1))
    (fp_line (start -1 -0.625) (end -1 0.625) (layer B.Fab) (width 0.1))
    (fp_text user %R (at 0 0) (layer B.Fab)
      (effects (font (size 0.5 0.5) (thickness 0.08)) (justify mirror))
    )
    (pad 1 smd roundrect (at -0.95 0) (size 1 1.45) (layers B.Cu B.Paste B.Mask) (roundrect_rratio 0.25)
      (net 8 "Net-(D3-Pad1)"))
    (pad 2 smd roundrect (at 0.95 0) (size 1 1.45) (layers B.Cu B.Paste B.Mask) (roundrect_rratio 0.25)
      (net 9 "Net-(D3-Pad2)"))
    (model ${KISYS3DMOD}/Capacitor_SMD.3dshapes/C_0805_2012Metric.wrl
      (at (xyz 0 0 0))
      (scale (xyz 1 1 1))
      (rotate (xyz 0 0 0))
    )
  )

  (module Connector_PinHeader_2.54mm:PinHeader_1x08_P2.54mm_Horizontal (layer F.Cu) (tedit 59FED5CB) (tstamp 603D9381)
    (at 164.846 139.954 270)
    (descr "Through hole angled pin header, 1x08, 2.54mm pitch, 6mm pin length, single row")
    (tags "Through hole angled pin header THT 1x08 2.54mm single row")
    (path /605109EA)
    (fp_text reference J1 (at 4.385 -2.27 90) (layer F.SilkS)
      (effects (font (size 1 1) (thickness 0.15)))
    )
    (fp_text value CONN_AUX (at 4.385 20.05 90) (layer F.Fab)
      (effects (font (size 1 1) (thickness 0.15)))
    )
    (fp_line (start 10.55 -1.8) (end -1.8 -1.8) (layer F.CrtYd) (width 0.05))
    (fp_line (start 10.55 19.55) (end 10.55 -1.8) (layer F.CrtYd) (width 0.05))
    (fp_line (start -1.8 19.55) (end 10.55 19.55) (layer F.CrtYd) (width 0.05))
    (fp_line (start -1.8 -1.8) (end -1.8 19.55) (layer F.CrtYd) (width 0.05))
    (fp_line (start -1.27 -1.27) (end 0 -1.27) (layer F.SilkS) (width 0.12))
    (fp_line (start -1.27 0) (end -1.27 -1.27) (layer F.SilkS) (width 0.12))
    (fp_line (start 1.042929 18.16) (end 1.44 18.16) (layer F.SilkS) (width 0.12))
    (fp_line (start 1.042929 17.4) (end 1.44 17.4) (layer F.SilkS) (width 0.12))
    (fp_line (start 10.1 18.16) (end 4.1 18.16) (layer F.SilkS) (width 0.12))
    (fp_line (start 10.1 17.4) (end 10.1 18.16) (layer F.SilkS) (width 0.12))
    (fp_line (start 4.1 17.4) (end 10.1 17.4) (layer F.SilkS) (width 0.12))
    (fp_line (start 1.44 16.51) (end 4.1 16.51) (layer F.SilkS) (width 0.12))
    (fp_line (start 1.042929 15.62) (end 1.44 15.62) (layer F.SilkS) (width 0.12))
    (fp_line (start 1.042929 14.86) (end 1.44 14.86) (layer F.SilkS) (width 0.12))
    (fp_line (start 10.1 15.62) (end 4.1 15.62) (layer F.SilkS) (width 0.12))
    (fp_line (start 10.1 14.86) (end 10.1 15.62) (layer F.SilkS) (width 0.12))
    (fp_line (start 4.1 14.86) (end 10.1 14.86) (layer F.SilkS) (width 0.12))
    (fp_line (start 1.44 13.97) (end 4.1 13.97) (layer F.SilkS) (width 0.12))
    (fp_line (start 1.042929 13.08) (end 1.44 13.08) (layer F.SilkS) (width 0.12))
    (fp_line (start 1.042929 12.32) (end 1.44 12.32) (layer F.SilkS) (width 0.12))
    (fp_line (start 10.1 13.08) (end 4.1 13.08) (layer F.SilkS) (width 0.12))
    (fp_line (start 10.1 12.32) (end 10.1 13.08) (layer F.SilkS) (width 0.12))
    (fp_line (start 4.1 12.32) (end 10.1 12.32) (layer F.SilkS) (width 0.12))
    (fp_line (start 1.44 11.43) (end 4.1 11.43) (layer F.SilkS) (width 0.12))
    (fp_line (start 1.042929 10.54) (end 1.44 10.54) (layer F.SilkS) (width 0.12))
    (fp_line (start 1.042929 9.78) (end 1.44 9.78) (layer F.SilkS) (width 0.12))
    (fp_line (start 10.1 10.54) (end 4.1 10.54) (layer F.SilkS) (width 0.12))
    (fp_line (start 10.1 9.78) (end 10.1 10.54) (layer F.SilkS) (width 0.12))
    (fp_line (start 4.1 9.78) (end 10.1 9.78) (layer F.SilkS) (width 0.12))
    (fp_line (start 1.44 8.89) (end 4.1 8.89) (layer F.SilkS) (width 0.12))
    (fp_line (start 1.042929 8) (end 1.44 8) (layer F.SilkS) (width 0.12))
    (fp_line (start 1.042929 7.24) (end 1.44 7.24) (layer F.SilkS) (width 0.12))
    (fp_line (start 10.1 8) (end 4.1 8) (layer F.SilkS) (width 0.12))
    (fp_line (start 10.1 7.24) (end 10.1 8) (layer F.SilkS) (width 0.12))
    (fp_line (start 4.1 7.24) (end 10.1 7.24) (layer F.SilkS) (width 0.12))
    (fp_line (start 1.44 6.35) (end 4.1 6.35) (layer F.SilkS) (width 0.12))
    (fp_line (start 1.042929 5.46) (end 1.44 5.46) (layer F.SilkS) (width 0.12))
    (fp_line (start 1.042929 4.7) (end 1.44 4.7) (layer F.SilkS) (width 0.12))
    (fp_line (start 10.1 5.46) (end 4.1 5.46) (layer F.SilkS) (width 0.12))
    (fp_line (start 10.1 4.7) (end 10.1 5.46) (layer F.SilkS) (width 0.12))
    (fp_line (start 4.1 4.7) (end 10.1 4.7) (layer F.SilkS) (width 0.12))
    (fp_line (start 1.44 3.81) (end 4.1 3.81) (layer F.SilkS) (width 0.12))
    (fp_line (start 1.042929 2.92) (end 1.44 2.92) (layer F.SilkS) (width 0.12))
    (fp_line (start 1.042929 2.16) (end 1.44 2.16) (layer F.SilkS) (width 0.12))
    (fp_line (start 10.1 2.92) (end 4.1 2.92) (layer F.SilkS) (width 0.12))
    (fp_line (start 10.1 2.16) (end 10.1 2.92) (layer F.SilkS) (width 0.12))
    (fp_line (start 4.1 2.16) (end 10.1 2.16) (layer F.SilkS) (width 0.12))
    (fp_line (start 1.44 1.27) (end 4.1 1.27) (layer F.SilkS) (width 0.12))
    (fp_line (start 1.11 0.38) (end 1.44 0.38) (layer F.SilkS) (width 0.12))
    (fp_line (start 1.11 -0.38) (end 1.44 -0.38) (layer F.SilkS) (width 0.12))
    (fp_line (start 4.1 0.28) (end 10.1 0.28) (layer F.SilkS) (width 0.12))
    (fp_line (start 4.1 0.16) (end 10.1 0.16) (layer F.SilkS) (width 0.12))
    (fp_line (start 4.1 0.04) (end 10.1 0.04) (layer F.SilkS) (width 0.12))
    (fp_line (start 4.1 -0.08) (end 10.1 -0.08) (layer F.SilkS) (width 0.12))
    (fp_line (start 4.1 -0.2) (end 10.1 -0.2) (layer F.SilkS) (width 0.12))
    (fp_line (start 4.1 -0.32) (end 10.1 -0.32) (layer F.SilkS) (width 0.12))
    (fp_line (start 10.1 0.38) (end 4.1 0.38) (layer F.SilkS) (width 0.12))
    (fp_line (start 10.1 -0.38) (end 10.1 0.38) (layer F.SilkS) (width 0.12))
    (fp_line (start 4.1 -0.38) (end 10.1 -0.38) (layer F.SilkS) (width 0.12))
    (fp_line (start 4.1 -1.33) (end 1.44 -1.33) (layer F.SilkS) (width 0.12))
    (fp_line (start 4.1 19.11) (end 4.1 -1.33) (layer F.SilkS) (width 0.12))
    (fp_line (start 1.44 19.11) (end 4.1 19.11) (layer F.SilkS) (width 0.12))
    (fp_line (start 1.44 -1.33) (end 1.44 19.11) (layer F.SilkS) (width 0.12))
    (fp_line (start 4.04 18.1) (end 10.04 18.1) (layer F.Fab) (width 0.1))
    (fp_line (start 10.04 17.46) (end 10.04 18.1) (layer F.Fab) (width 0.1))
    (fp_line (start 4.04 17.46) (end 10.04 17.46) (layer F.Fab) (width 0.1))
    (fp_line (start -0.32 18.1) (end 1.5 18.1) (layer F.Fab) (width 0.1))
    (fp_line (start -0.32 17.46) (end -0.32 18.1) (layer F.Fab) (width 0.1))
    (fp_line (start -0.32 17.46) (end 1.5 17.46) (layer F.Fab) (width 0.1))
    (fp_line (start 4.04 15.56) (end 10.04 15.56) (layer F.Fab) (width 0.1))
    (fp_line (start 10.04 14.92) (end 10.04 15.56) (layer F.Fab) (width 0.1))
    (fp_line (start 4.04 14.92) (end 10.04 14.92) (layer F.Fab) (width 0.1))
    (fp_line (start -0.32 15.56) (end 1.5 15.56) (layer F.Fab) (width 0.1))
    (fp_line (start -0.32 14.92) (end -0.32 15.56) (layer F.Fab) (width 0.1))
    (fp_line (start -0.32 14.92) (end 1.5 14.92) (layer F.Fab) (width 0.1))
    (fp_line (start 4.04 13.02) (end 10.04 13.02) (layer F.Fab) (width 0.1))
    (fp_line (start 10.04 12.38) (end 10.04 13.02) (layer F.Fab) (width 0.1))
    (fp_line (start 4.04 12.38) (end 10.04 12.38) (layer F.Fab) (width 0.1))
    (fp_line (start -0.32 13.02) (end 1.5 13.02) (layer F.Fab) (width 0.1))
    (fp_line (start -0.32 12.38) (end -0.32 13.02) (layer F.Fab) (width 0.1))
    (fp_line (start -0.32 12.38) (end 1.5 12.38) (layer F.Fab) (width 0.1))
    (fp_line (start 4.04 10.48) (end 10.04 10.48) (layer F.Fab) (width 0.1))
    (fp_line (start 10.04 9.84) (end 10.04 10.48) (layer F.Fab) (width 0.1))
    (fp_line (start 4.04 9.84) (end 10.04 9.84) (layer F.Fab) (width 0.1))
    (fp_line (start -0.32 10.48) (end 1.5 10.48) (layer F.Fab) (width 0.1))
    (fp_line (start -0.32 9.84) (end -0.32 10.48) (layer F.Fab) (width 0.1))
    (fp_line (start -0.32 9.84) (end 1.5 9.84) (layer F.Fab) (width 0.1))
    (fp_line (start 4.04 7.94) (end 10.04 7.94) (layer F.Fab) (width 0.1))
    (fp_line (start 10.04 7.3) (end 10.04 7.94) (layer F.Fab) (width 0.1))
    (fp_line (start 4.04 7.3) (end 10.04 7.3) (layer F.Fab) (width 0.1))
    (fp_line (start -0.32 7.94) (end 1.5 7.94) (layer F.Fab) (width 0.1))
    (fp_line (start -0.32 7.3) (end -0.32 7.94) (layer F.Fab) (width 0.1))
    (fp_line (start -0.32 7.3) (end 1.5 7.3) (layer F.Fab) (width 0.1))
    (fp_line (start 4.04 5.4) (end 10.04 5.4) (layer F.Fab) (width 0.1))
    (fp_line (start 10.04 4.76) (end 10.04 5.4) (layer F.Fab) (width 0.1))
    (fp_line (start 4.04 4.76) (end 10.04 4.76) (layer F.Fab) (width 0.1))
    (fp_line (start -0.32 5.4) (end 1.5 5.4) (layer F.Fab) (width 0.1))
    (fp_line (start -0.32 4.76) (end -0.32 5.4) (layer F.Fab) (width 0.1))
    (fp_line (start -0.32 4.76) (end 1.5 4.76) (layer F.Fab) (width 0.1))
    (fp_line (start 4.04 2.86) (end 10.04 2.86) (layer F.Fab) (width 0.1))
    (fp_line (start 10.04 2.22) (end 10.04 2.86) (layer F.Fab) (width 0.1))
    (fp_line (start 4.04 2.22) (end 10.04 2.22) (layer F.Fab) (width 0.1))
    (fp_line (start -0.32 2.86) (end 1.5 2.86) (layer F.Fab) (width 0.1))
    (fp_line (start -0.32 2.22) (end -0.32 2.86) (layer F.Fab) (width 0.1))
    (fp_line (start -0.32 2.22) (end 1.5 2.22) (layer F.Fab) (width 0.1))
    (fp_line (start 4.04 0.32) (end 10.04 0.32) (layer F.Fab) (width 0.1))
    (fp_line (start 10.04 -0.32) (end 10.04 0.32) (layer F.Fab) (width 0.1))
    (fp_line (start 4.04 -0.32) (end 10.04 -0.32) (layer F.Fab) (width 0.1))
    (fp_line (start -0.32 0.32) (end 1.5 0.32) (layer F.Fab) (width 0.1))
    (fp_line (start -0.32 -0.32) (end -0.32 0.32) (layer F.Fab) (width 0.1))
    (fp_line (start -0.32 -0.32) (end 1.5 -0.32) (layer F.Fab) (width 0.1))
    (fp_line (start 1.5 -0.635) (end 2.135 -1.27) (layer F.Fab) (width 0.1))
    (fp_line (start 1.5 19.05) (end 1.5 -0.635) (layer F.Fab) (width 0.1))
    (fp_line (start 4.04 19.05) (end 1.5 19.05) (layer F.Fab) (width 0.1))
    (fp_line (start 4.04 -1.27) (end 4.04 19.05) (layer F.Fab) (width 0.1))
    (fp_line (start 2.135 -1.27) (end 4.04 -1.27) (layer F.Fab) (width 0.1))
    (fp_text user %R (at 2.77 8.89) (layer F.Fab)
      (effects (font (size 1 1) (thickness 0.15)))
    )
    (pad 1 thru_hole rect (at 0 0 270) (size 1.7 1.7) (drill 1) (layers *.Cu *.Mask)
      (net 4 +5V))
    (pad 2 thru_hole oval (at 0 2.54 270) (size 1.7 1.7) (drill 1) (layers *.Cu *.Mask)
      (net 1 GND))
    (pad 3 thru_hole oval (at 0 5.08 270) (size 1.7 1.7) (drill 1) (layers *.Cu *.Mask)
      (net 10 /CLK))
    (pad 4 thru_hole oval (at 0 7.62 270) (size 1.7 1.7) (drill 1) (layers *.Cu *.Mask)
      (net 11 /CLK2))
    (pad 5 thru_hole oval (at 0 10.16 270) (size 1.7 1.7) (drill 1) (layers *.Cu *.Mask)
      (net 12 /~INT))
    (pad 6 thru_hole oval (at 0 12.7 270) (size 1.7 1.7) (drill 1) (layers *.Cu *.Mask)
      (net 13 /~RESET))
    (pad 7 thru_hole oval (at 0 15.24 270) (size 1.7 1.7) (drill 1) (layers *.Cu *.Mask))
    (pad 8 thru_hole oval (at 0 17.78 270) (size 1.7 1.7) (drill 1) (layers *.Cu *.Mask))
    (model ${KISYS3DMOD}/Connector_PinHeader_2.54mm.3dshapes/PinHeader_1x08_P2.54mm_Horizontal.wrl
      (at (xyz 0 0 0))
      (scale (xyz 1 1 1))
      (rotate (xyz 0 0 0))
    )
  )

  (module Capacitor_SMD:C_0805_2012Metric (layer B.Cu) (tedit 5F68FEEE) (tstamp 603DB8DF)
    (at 166.878 121.854 90)
    (descr "Capacitor SMD 0805 (2012 Metric), square (rectangular) end terminal, IPC_7351 nominal, (Body size source: IPC-SM-782 page 76, https://www.pcb-3d.com/wordpress/wp-content/uploads/ipc-sm-782a_amendment_1_and_2.pdf, https://docs.google.com/spreadsheets/d/1BsfQQcO9C6DZCsRaXUlFlo91Tg2WpOkGARC1WS5S8t0/edit?usp=sharing), generated with kicad-footprint-generator")
    (tags capacitor)
    (path /603DFF1E)
    (attr smd)
    (fp_text reference R1 (at 0 1.68 90) (layer B.SilkS)
      (effects (font (size 1 1) (thickness 0.15)) (justify mirror))
    )
    (fp_text value 1M (at 0 -1.68 90) (layer B.Fab)
      (effects (font (size 1 1) (thickness 0.15)) (justify mirror))
    )
    (fp_text user %R (at 0 0 90) (layer B.Fab)
      (effects (font (size 0.5 0.5) (thickness 0.08)) (justify mirror))
    )
    (fp_line (start -1 -0.625) (end -1 0.625) (layer B.Fab) (width 0.1))
    (fp_line (start -1 0.625) (end 1 0.625) (layer B.Fab) (width 0.1))
    (fp_line (start 1 0.625) (end 1 -0.625) (layer B.Fab) (width 0.1))
    (fp_line (start 1 -0.625) (end -1 -0.625) (layer B.Fab) (width 0.1))
    (fp_line (start -0.261252 0.735) (end 0.261252 0.735) (layer B.SilkS) (width 0.12))
    (fp_line (start -0.261252 -0.735) (end 0.261252 -0.735) (layer B.SilkS) (width 0.12))
    (fp_line (start -1.7 -0.98) (end -1.7 0.98) (layer B.CrtYd) (width 0.05))
    (fp_line (start -1.7 0.98) (end 1.7 0.98) (layer B.CrtYd) (width 0.05))
    (fp_line (start 1.7 0.98) (end 1.7 -0.98) (layer B.CrtYd) (width 0.05))
    (fp_line (start 1.7 -0.98) (end -1.7 -0.98) (layer B.CrtYd) (width 0.05))
    (pad 2 smd roundrect (at 0.95 0 90) (size 1 1.45) (layers B.Cu B.Paste B.Mask) (roundrect_rratio 0.25)
      (net 2 "Net-(C1-Pad1)"))
    (pad 1 smd roundrect (at -0.95 0 90) (size 1 1.45) (layers B.Cu B.Paste B.Mask) (roundrect_rratio 0.25)
      (net 14 "Net-(R1-Pad1)"))
    (model ${KISYS3DMOD}/Capacitor_SMD.3dshapes/C_0805_2012Metric.wrl
      (at (xyz 0 0 0))
      (scale (xyz 1 1 1))
      (rotate (xyz 0 0 0))
    )
  )

  (module Capacitor_SMD:C_0805_2012Metric (layer B.Cu) (tedit 5F68FEEE) (tstamp 603DB941)
    (at 177.038 121.854 90)
    (descr "Capacitor SMD 0805 (2012 Metric), square (rectangular) end terminal, IPC_7351 nominal, (Body size source: IPC-SM-782 page 76, https://www.pcb-3d.com/wordpress/wp-content/uploads/ipc-sm-782a_amendment_1_and_2.pdf, https://docs.google.com/spreadsheets/d/1BsfQQcO9C6DZCsRaXUlFlo91Tg2WpOkGARC1WS5S8t0/edit?usp=sharing), generated with kicad-footprint-generator")
    (tags capacitor)
    (path /603DBAC8)
    (attr smd)
    (fp_text reference R2 (at 0 1.68 90) (layer B.SilkS)
      (effects (font (size 1 1) (thickness 0.15)) (justify mirror))
    )
    (fp_text value R (at 0 -1.68 90) (layer B.Fab)
      (effects (font (size 1 1) (thickness 0.15)) (justify mirror))
    )
    (fp_line (start 1.7 -0.98) (end -1.7 -0.98) (layer B.CrtYd) (width 0.05))
    (fp_line (start 1.7 0.98) (end 1.7 -0.98) (layer B.CrtYd) (width 0.05))
    (fp_line (start -1.7 0.98) (end 1.7 0.98) (layer B.CrtYd) (width 0.05))
    (fp_line (start -1.7 -0.98) (end -1.7 0.98) (layer B.CrtYd) (width 0.05))
    (fp_line (start -0.261252 -0.735) (end 0.261252 -0.735) (layer B.SilkS) (width 0.12))
    (fp_line (start -0.261252 0.735) (end 0.261252 0.735) (layer B.SilkS) (width 0.12))
    (fp_line (start 1 -0.625) (end -1 -0.625) (layer B.Fab) (width 0.1))
    (fp_line (start 1 0.625) (end 1 -0.625) (layer B.Fab) (width 0.1))
    (fp_line (start -1 0.625) (end 1 0.625) (layer B.Fab) (width 0.1))
    (fp_line (start -1 -0.625) (end -1 0.625) (layer B.Fab) (width 0.1))
    (fp_text user %R (at 0 0 90) (layer B.Fab)
      (effects (font (size 0.5 0.5) (thickness 0.08)) (justify mirror))
    )
    (pad 1 smd roundrect (at -0.95 0 90) (size 1 1.45) (layers B.Cu B.Paste B.Mask) (roundrect_rratio 0.25)
      (net 14 "Net-(R1-Pad1)"))
    (pad 2 smd roundrect (at 0.95 0 90) (size 1 1.45) (layers B.Cu B.Paste B.Mask) (roundrect_rratio 0.25)
      (net 3 "Net-(C2-Pad1)"))
    (model ${KISYS3DMOD}/Capacitor_SMD.3dshapes/C_0805_2012Metric.wrl
      (at (xyz 0 0 0))
      (scale (xyz 1 1 1))
      (rotate (xyz 0 0 0))
    )
  )

  (module Capacitor_SMD:C_0805_2012Metric (layer B.Cu) (tedit 5F68FEEE) (tstamp 603DD048)
    (at 160.782 79.182 270)
    (descr "Capacitor SMD 0805 (2012 Metric), square (rectangular) end terminal, IPC_7351 nominal, (Body size source: IPC-SM-782 page 76, https://www.pcb-3d.com/wordpress/wp-content/uploads/ipc-sm-782a_amendment_1_and_2.pdf, https://docs.google.com/spreadsheets/d/1BsfQQcO9C6DZCsRaXUlFlo91Tg2WpOkGARC1WS5S8t0/edit?usp=sharing), generated with kicad-footprint-generator")
    (tags capacitor)
    (path /603E525B)
    (attr smd)
    (fp_text reference R3 (at 0 1.68 90) (layer B.SilkS)
      (effects (font (size 1 1) (thickness 0.15)) (justify mirror))
    )
    (fp_text value 100k (at 0 -1.68 90) (layer B.Fab)
      (effects (font (size 1 1) (thickness 0.15)) (justify mirror))
    )
    (fp_text user %R (at 0 0 90) (layer B.Fab)
      (effects (font (size 0.5 0.5) (thickness 0.08)) (justify mirror))
    )
    (fp_line (start -1 -0.625) (end -1 0.625) (layer B.Fab) (width 0.1))
    (fp_line (start -1 0.625) (end 1 0.625) (layer B.Fab) (width 0.1))
    (fp_line (start 1 0.625) (end 1 -0.625) (layer B.Fab) (width 0.1))
    (fp_line (start 1 -0.625) (end -1 -0.625) (layer B.Fab) (width 0.1))
    (fp_line (start -0.261252 0.735) (end 0.261252 0.735) (layer B.SilkS) (width 0.12))
    (fp_line (start -0.261252 -0.735) (end 0.261252 -0.735) (layer B.SilkS) (width 0.12))
    (fp_line (start -1.7 -0.98) (end -1.7 0.98) (layer B.CrtYd) (width 0.05))
    (fp_line (start -1.7 0.98) (end 1.7 0.98) (layer B.CrtYd) (width 0.05))
    (fp_line (start 1.7 0.98) (end 1.7 -0.98) (layer B.CrtYd) (width 0.05))
    (fp_line (start 1.7 -0.98) (end -1.7 -0.98) (layer B.CrtYd) (width 0.05))
    (pad 2 smd roundrect (at 0.95 0 270) (size 1 1.45) (layers B.Cu B.Paste B.Mask) (roundrect_rratio 0.25)
      (net 5 "Net-(C4-Pad1)"))
    (pad 1 smd roundrect (at -0.95 0 270) (size 1 1.45) (layers B.Cu B.Paste B.Mask) (roundrect_rratio 0.25)
      (net 4 +5V))
    (model ${KISYS3DMOD}/Capacitor_SMD.3dshapes/C_0805_2012Metric.wrl
      (at (xyz 0 0 0))
      (scale (xyz 1 1 1))
      (rotate (xyz 0 0 0))
    )
  )

  (module Capacitor_SMD:C_0805_2012Metric (layer B.Cu) (tedit 5F68FEEE) (tstamp 603DC92E)
    (at 134.046 61.722)
    (descr "Capacitor SMD 0805 (2012 Metric), square (rectangular) end terminal, IPC_7351 nominal, (Body size source: IPC-SM-782 page 76, https://www.pcb-3d.com/wordpress/wp-content/uploads/ipc-sm-782a_amendment_1_and_2.pdf, https://docs.google.com/spreadsheets/d/1BsfQQcO9C6DZCsRaXUlFlo91Tg2WpOkGARC1WS5S8t0/edit?usp=sharing), generated with kicad-footprint-generator")
    (tags capacitor)
    (path /603F2759)
    (attr smd)
    (fp_text reference R4 (at 0 1.68) (layer B.SilkS)
      (effects (font (size 1 1) (thickness 0.15)) (justify mirror))
    )
    (fp_text value 2.2k (at 0 -1.68) (layer B.Fab)
      (effects (font (size 1 1) (thickness 0.15)) (justify mirror))
    )
    (fp_line (start 1.7 -0.98) (end -1.7 -0.98) (layer B.CrtYd) (width 0.05))
    (fp_line (start 1.7 0.98) (end 1.7 -0.98) (layer B.CrtYd) (width 0.05))
    (fp_line (start -1.7 0.98) (end 1.7 0.98) (layer B.CrtYd) (width 0.05))
    (fp_line (start -1.7 -0.98) (end -1.7 0.98) (layer B.CrtYd) (width 0.05))
    (fp_line (start -0.261252 -0.735) (end 0.261252 -0.735) (layer B.SilkS) (width 0.12))
    (fp_line (start -0.261252 0.735) (end 0.261252 0.735) (layer B.SilkS) (width 0.12))
    (fp_line (start 1 -0.625) (end -1 -0.625) (layer B.Fab) (width 0.1))
    (fp_line (start 1 0.625) (end 1 -0.625) (layer B.Fab) (width 0.1))
    (fp_line (start -1 0.625) (end 1 0.625) (layer B.Fab) (width 0.1))
    (fp_line (start -1 -0.625) (end -1 0.625) (layer B.Fab) (width 0.1))
    (fp_text user %R (at 0 0) (layer B.Fab)
      (effects (font (size 0.5 0.5) (thickness 0.08)) (justify mirror))
    )
    (pad 1 smd roundrect (at -0.95 0) (size 1 1.45) (layers B.Cu B.Paste B.Mask) (roundrect_rratio 0.25)
      (net 7 "Net-(D2-Pad1)"))
    (pad 2 smd roundrect (at 0.95 0) (size 1 1.45) (layers B.Cu B.Paste B.Mask) (roundrect_rratio 0.25)
      (net 1 GND))
    (model ${KISYS3DMOD}/Capacitor_SMD.3dshapes/C_0805_2012Metric.wrl
      (at (xyz 0 0 0))
      (scale (xyz 1 1 1))
      (rotate (xyz 0 0 0))
    )
  )

  (module Capacitor_SMD:C_0805_2012Metric (layer B.Cu) (tedit 5F68FEEE) (tstamp 603DA6BE)
    (at 142.428 105.664 180)
    (descr "Capacitor SMD 0805 (2012 Metric), square (rectangular) end terminal, IPC_7351 nominal, (Body size source: IPC-SM-782 page 76, https://www.pcb-3d.com/wordpress/wp-content/uploads/ipc-sm-782a_amendment_1_and_2.pdf, https://docs.google.com/spreadsheets/d/1BsfQQcO9C6DZCsRaXUlFlo91Tg2WpOkGARC1WS5S8t0/edit?usp=sharing), generated with kicad-footprint-generator")
    (tags capacitor)
    (path /60492CF9)
    (attr smd)
    (fp_text reference R5 (at 0 1.68) (layer B.SilkS)
      (effects (font (size 1 1) (thickness 0.15)) (justify mirror))
    )
    (fp_text value 2.2k (at 0 -1.68) (layer B.Fab)
      (effects (font (size 1 1) (thickness 0.15)) (justify mirror))
    )
    (fp_text user %R (at 0 0) (layer B.Fab)
      (effects (font (size 0.5 0.5) (thickness 0.08)) (justify mirror))
    )
    (fp_line (start -1 -0.625) (end -1 0.625) (layer B.Fab) (width 0.1))
    (fp_line (start -1 0.625) (end 1 0.625) (layer B.Fab) (width 0.1))
    (fp_line (start 1 0.625) (end 1 -0.625) (layer B.Fab) (width 0.1))
    (fp_line (start 1 -0.625) (end -1 -0.625) (layer B.Fab) (width 0.1))
    (fp_line (start -0.261252 0.735) (end 0.261252 0.735) (layer B.SilkS) (width 0.12))
    (fp_line (start -0.261252 -0.735) (end 0.261252 -0.735) (layer B.SilkS) (width 0.12))
    (fp_line (start -1.7 -0.98) (end -1.7 0.98) (layer B.CrtYd) (width 0.05))
    (fp_line (start -1.7 0.98) (end 1.7 0.98) (layer B.CrtYd) (width 0.05))
